INPUTS
Output:
   0	 10416 10912 11408 11904 12400 12896 13392 13888 14384 14880 15376 15872 16368 16864 17360 17856 18352 18848 19344 19840 20336 20832 21328 21824 22320 22816 23312 23808 24304 24800 25296 25792 
   1	 10912 11440 11968 12496 13024 13552 14080 14608 15136 15664 16192 16720 17248 17776 18304 18832 19360 19888 20416 20944 21472 22000 22528 23056 23584 24112 24640 25168 25696 26224 26752 27280 
   2	 11408 11968 12528 13088 13648 14208 14768 15328 15888 16448 17008 17568 18128 18688 19248 19808 20368 20928 21488 22048 22608 23168 23728 24288 24848 25408 25968 26528 27088 27648 28208 28768 
   3	 11904 12496 13088 13680 14272 14864 15456 16048 16640 17232 17824 18416 19008 19600 20192 20784 21376 21968 22560 23152 23744 24336 24928 25520 26112 26704 27296 27888 28480 29072 29664 30256 
   4	 12400 13024 13648 14272 14896 15520 16144 16768 17392 18016 18640 19264 19888 20512 21136 21760 22384 23008 23632 24256 24880 25504 26128 26752 27376 28000 28624 29248 29872 30496 31120 31744 
   5	 12896 13552 14208 14864 15520 16176 16832 17488 18144 18800 19456 20112 20768 21424 22080 22736 23392 24048 24704 25360 26016 26672 27328 27984 28640 29296 29952 30608 31264 31920 32576 33232 
   6	 13392 14080 14768 15456 16144 16832 17520 18208 18896 19584 20272 20960 21648 22336 23024 23712 24400 25088 25776 26464 27152 27840 28528 29216 29904 30592 31280 31968 32656 33344 34032 34720 
   7	 13888 14608 15328 16048 16768 17488 18208 18928 19648 20368 21088 21808 22528 23248 23968 24688 25408 26128 26848 27568 28288 29008 29728 30448 31168 31888 32608 33328 34048 34768 35488 36208 
   8	 14384 15136 15888 16640 17392 18144 18896 19648 20400 21152 21904 22656 23408 24160 24912 25664 26416 27168 27920 28672 29424 30176 30928 31680 32432 33184 33936 34688 35440 36192 36944 37696 
   9	 14880 15664 16448 17232 18016 18800 19584 20368 21152 21936 22720 23504 24288 25072 25856 26640 27424 28208 28992 29776 30560 31344 32128 32912 33696 34480 35264 36048 36832 37616 38400 39184 
  10	 15376 16192 17008 17824 18640 19456 20272 21088 21904 22720 23536 24352 25168 25984 26800 27616 28432 29248 30064 30880 31696 32512 33328 34144 34960 35776 36592 37408 38224 39040 39856 40672 
  11	 15872 16720 17568 18416 19264 20112 20960 21808 22656 23504 24352 25200 26048 26896 27744 28592 29440 30288 31136 31984 32832 33680 34528 35376 36224 37072 37920 38768 39616 40464 41312 42160 
  12	 16368 17248 18128 19008 19888 20768 21648 22528 23408 24288 25168 26048 26928 27808 28688 29568 30448 31328 32208 33088 33968 34848 35728 36608 37488 38368 39248 40128 41008 41888 42768 43648 
  13	 16864 17776 18688 19600 20512 21424 22336 23248 24160 25072 25984 26896 27808 28720 29632 30544 31456 32368 33280 34192 35104 36016 36928 37840 38752 39664 40576 41488 42400 43312 44224 45136 
  14	 17360 18304 19248 20192 21136 22080 23024 23968 24912 25856 26800 27744 28688 29632 30576 31520 32464 33408 34352 35296 36240 37184 38128 39072 40016 40960 41904 42848 43792 44736 45680 46624 
  15	 17856 18832 19808 20784 21760 22736 23712 24688 25664 26640 27616 28592 29568 30544 31520 32496 33472 34448 35424 36400 37376 38352 39328 40304 41280 42256 43232 44208 45184 46160 47136 48112 
  16	 18352 19360 20368 21376 22384 23392 24400 25408 26416 27424 28432 29440 30448 31456 32464 33472 34480 35488 36496 37504 38512 39520 40528 41536 42544 43552 44560 45568 46576 47584 48592 49600 
  17	 18848 19888 20928 21968 23008 24048 25088 26128 27168 28208 29248 30288 31328 32368 33408 34448 35488 36528 37568 38608 39648 40688 41728 42768 43808 44848 45888 46928 47968 49008 50048 51088 
  18	 19344 20416 21488 22560 23632 24704 25776 26848 27920 28992 30064 31136 32208 33280 34352 35424 36496 37568 38640 39712 40784 41856 42928 44000 45072 46144 47216 48288 49360 50432 51504 52576 
  19	 19840 20944 22048 23152 24256 25360 26464 27568 28672 29776 30880 31984 33088 34192 35296 36400 37504 38608 39712 40816 41920 43024 44128 45232 46336 47440 48544 49648 50752 51856 52960 54064 
  20	 20336 21472 22608 23744 24880 26016 27152 28288 29424 30560 31696 32832 33968 35104 36240 37376 38512 39648 40784 41920 43056 44192 45328 46464 47600 48736 49872 51008 52144 53280 54416 55552 
  21	 20832 22000 23168 24336 25504 26672 27840 29008 30176 31344 32512 33680 34848 36016 37184 38352 39520 40688 41856 43024 44192 45360 46528 47696 48864 50032 51200 52368 53536 54704 55872 57040 
  22	 21328 22528 23728 24928 26128 27328 28528 29728 30928 32128 33328 34528 35728 36928 38128 39328 40528 41728 42928 44128 45328 46528 47728 48928 50128 51328 52528 53728 54928 56128 57328 58528 
  23	 21824 23056 24288 25520 26752 27984 29216 30448 31680 32912 34144 35376 36608 37840 39072 40304 41536 42768 44000 45232 46464 47696 48928 50160 51392 52624 53856 55088 56320 57552 58784 60016 
  24	 22320 23584 24848 26112 27376 28640 29904 31168 32432 33696 34960 36224 37488 38752 40016 41280 42544 43808 45072 46336 47600 48864 50128 51392 52656 53920 55184 56448 57712 58976 60240 61504 
  25	 22816 24112 25408 26704 28000 29296 30592 31888 33184 34480 35776 37072 38368 39664 40960 42256 43552 44848 46144 47440 48736 50032 51328 52624 53920 55216 56512 57808 59104 60400 61696 62992 
  26	 23312 24640 25968 27296 28624 29952 31280 32608 33936 35264 36592 37920 39248 40576 41904 43232 44560 45888 47216 48544 49872 51200 52528 53856 55184 56512 57840 59168 60496 61824 63152 64480 
  27	 23808 25168 26528 27888 29248 30608 31968 33328 34688 36048 37408 38768 40128 41488 42848 44208 45568 46928 48288 49648 51008 52368 53728 55088 56448 57808 59168 60528 61888 63248 64608 65968 
  28	 24304 25696 27088 28480 29872 31264 32656 34048 35440 36832 38224 39616 41008 42400 43792 45184 46576 47968 49360 50752 52144 53536 54928 56320 57712 59104 60496 61888 63280 64672 66064 67456 
  29	 24800 26224 27648 29072 30496 31920 33344 34768 36192 37616 39040 40464 41888 43312 44736 46160 47584 49008 50432 51856 53280 54704 56128 57552 58976 60400 61824 63248 64672 66096 67520 68944 
  30	 25296 26752 28208 29664 31120 32576 34032 35488 36944 38400 39856 41312 42768 44224 45680 47136 48592 50048 51504 52960 54416 55872 57328 58784 60240 61696 63152 64608 66064 67520 68976 70432 
  31	 25792 27280 28768 30256 31744 33232 34720 36208 37696 39184 40672 42160 43648 45136 46624 48112 49600 51088 52576 54064 55552 57040 58528 60016 61504 62992 64480 65968 67456 68944 70432 71920 
Comparing against output data 
*******************************************
FAIL: Output DOES NOT match the golden output
*******************************************

C:\Users\admin\msoc\pp4fpgas-master\examples\matrixmultiplication.proj\improve\sim\verilog>set PATH= 

C:\Users\admin\msoc\pp4fpgas-master\examples\matrixmultiplication.proj\improve\sim\verilog>call C:/Xilinx/Vivado/2019.2/bin/xelab xil_defaultlib.apatb_matrixmul_top glbl -prj matrixmul.prj -L smartconnect_v1_0 -L axi_protocol_checker_v1_1_12 -L axi_protocol_checker_v1_1_13 -L axis_protocol_checker_v1_1_11 -L axis_protocol_checker_v1_1_12 -L xil_defaultlib -L unisims_ver -L xpm --initfile "C:/Xilinx/Vivado/2019.2/data/xsim/ip/xsim_ip.ini" --lib "ieee_proposed=./ieee_proposed" -s matrixmul -debug wave 
INFO: [XSIM 43-3496] Using init file passed via -initfile option "C:/Xilinx/Vivado/2019.2/data/xsim/ip/xsim_ip.ini".
Vivado Simulator 2019.2
Copyright 1986-1999, 2001-2019 Xilinx, Inc. All Rights Reserved.
Running: C:/Xilinx/Vivado/2019.2/bin/unwrapped/win64.o/xelab.exe xil_defaultlib.apatb_matrixmul_top glbl -prj matrixmul.prj -L smartconnect_v1_0 -L axi_protocol_checker_v1_1_12 -L axi_protocol_checker_v1_1_13 -L axis_protocol_checker_v1_1_11 -L axis_protocol_checker_v1_1_12 -L xil_defaultlib -L unisims_ver -L xpm --initfile C:/Xilinx/Vivado/2019.2/data/xsim/ip/xsim_ip.ini --lib ieee_proposed=./ieee_proposed -s matrixmul -debug wave 
Multi-threading is on. Using 10 slave threads.
INFO: [VRFC 10-2263] Analyzing SystemVerilog file "C:/Users/admin/msoc/pp4fpgas-master/examples/matrixmultiplication.proj/improve/sim/verilog/glbl.v" into library work
INFO: [VRFC 10-311] analyzing module glbl
INFO: [VRFC 10-2263] Analyzing SystemVerilog file "C:/Users/admin/msoc/pp4fpgas-master/examples/matrixmultiplication.proj/improve/sim/verilog/AESL_axi_slave_AXILiteS.v" into library xil_defaultlib
INFO: [VRFC 10-311] analyzing module AESL_axi_slave_AXILiteS
INFO: [VRFC 10-2263] Analyzing SystemVerilog file "C:/Users/admin/msoc/pp4fpgas-master/examples/matrixmultiplication.proj/improve/sim/verilog/matrixmul.autotb.v" into library xil_defaultlib
INFO: [VRFC 10-311] analyzing module apatb_matrixmul_top
INFO: [VRFC 10-2263] Analyzing SystemVerilog file "C:/Users/admin/msoc/pp4fpgas-master/examples/matrixmultiplication.proj/improve/sim/verilog/matrixmul.v" into library xil_defaultlib
INFO: [VRFC 10-311] analyzing module matrixmul
INFO: [VRFC 10-2263] Analyzing SystemVerilog file "C:/Users/admin/msoc/pp4fpgas-master/examples/matrixmultiplication.proj/improve/sim/verilog/matrixmul_AXILiteS_s_axi.v" into library xil_defaultlib
INFO: [VRFC 10-311] analyzing module matrixmul_AXILiteS_s_axi
INFO: [VRFC 10-311] analyzing module matrixmul_AXILiteS_s_axi_ram
INFO: [VRFC 10-2263] Analyzing SystemVerilog file "C:/Users/admin/msoc/pp4fpgas-master/examples/matrixmultiplication.proj/improve/sim/verilog/matrixmul_mul_32sbkb.v" into library xil_defaultlib
INFO: [VRFC 10-311] analyzing module matrixmul_mul_32sbkb_MulnS_0
INFO: [VRFC 10-311] analyzing module matrixmul_mul_32sbkb
Starting static elaboration
Pass Through NonSizing Optimizer
Completed static elaboration
Starting simulation data flow analysis
Completed simulation data flow analysis
Time Resolution for simulation is 1ps
Compiling module xil_defaultlib.matrixmul_AXILiteS_s_axi_ram(BYT...
Compiling module xil_defaultlib.matrixmul_AXILiteS_s_axi_ram(DEP...
Compiling module xil_defaultlib.matrixmul_AXILiteS_s_axi
Compiling module xil_defaultlib.matrixmul_mul_32sbkb_MulnS_0
Compiling module xil_defaultlib.matrixmul_mul_32sbkb(ID=1,NUM_ST...
Compiling module xil_defaultlib.matrixmul
Compiling module xil_defaultlib.AESL_axi_slave_AXILiteS
Compiling module xil_defaultlib.apatb_matrixmul_top
Compiling module work.glbl
Built simulation snapshot matrixmul

****** Webtalk v2019.2 (64-bit)
  **** SW Build 2708876 on Wed Nov  6 21:40:23 MST 2019
  **** IP Build 2700528 on Thu Nov  7 00:09:20 MST 2019
    ** Copyright 1986-2019 Xilinx, Inc. All Rights Reserved.

source C:/Users/admin/msoc/pp4fpgas-master/examples/matrixmultiplication.proj/improve/sim/verilog/xsim.dir/matrixmul/webtalk/xsim_webtalk.tcl -notrace
INFO: [Common 17-186] 'C:/Users/admin/msoc/pp4fpgas-master/examples/matrixmultiplication.proj/improve/sim/verilog/xsim.dir/matrixmul/webtalk/usage_statistics_ext_xsim.xml' has been successfully sent to Xilinx on Wed Dec 23 13:48:19 2020. For additional details about this file, please refer to the WebTalk help file at C:/Xilinx/Vivado/2019.2/doc/webtalk_introduction.html.
INFO: [Common 17-206] Exiting Webtalk at Wed Dec 23 13:48:19 2020...

****** xsim v2019.2 (64-bit)
  **** SW Build 2708876 on Wed Nov  6 21:40:23 MST 2019
  **** IP Build 2700528 on Thu Nov  7 00:09:20 MST 2019
    ** Copyright 1986-2019 Xilinx, Inc. All Rights Reserved.

source xsim.dir/matrixmul/xsim_script.tcl
# xsim {matrixmul} -autoloadwcfg -tclbatch {matrixmul.tcl}
Vivado Simulator 2019.2
Time resolution is 1 ps
source matrixmul.tcl
## log_wave -r /
WARNING: [Simtcl 6-197] One or more HDL objects could not be logged because of object type or size limitations.  To see details please rerun the command with -verbose (-v).
## set designtopgroup [add_wave_group "Design Top Signals"]
## set cinoutgroup [add_wave_group "C InOuts" -into $designtopgroup]
## set A__B__AB__return_group [add_wave_group A__B__AB__return(axi_slave) -into $cinoutgroup]
## add_wave /apatb_matrixmul_top/AESL_inst_matrixmul/interrupt -into $A__B__AB__return_group -color #ffff00 -radix hex
## add_wave /apatb_matrixmul_top/AESL_inst_matrixmul/s_axi_AXILiteS_BRESP -into $A__B__AB__return_group -radix hex
## add_wave /apatb_matrixmul_top/AESL_inst_matrixmul/s_axi_AXILiteS_BREADY -into $A__B__AB__return_group -color #ffff00 -radix hex
## add_wave /apatb_matrixmul_top/AESL_inst_matrixmul/s_axi_AXILiteS_BVALID -into $A__B__AB__return_group -color #ffff00 -radix hex
## add_wave /apatb_matrixmul_top/AESL_inst_matrixmul/s_axi_AXILiteS_RRESP -into $A__B__AB__return_group -radix hex
## add_wave /apatb_matrixmul_top/AESL_inst_matrixmul/s_axi_AXILiteS_RDATA -into $A__B__AB__return_group -radix hex
## add_wave /apatb_matrixmul_top/AESL_inst_matrixmul/s_axi_AXILiteS_RREADY -into $A__B__AB__return_group -color #ffff00 -radix hex
## add_wave /apatb_matrixmul_top/AESL_inst_matrixmul/s_axi_AXILiteS_RVALID -into $A__B__AB__return_group -color #ffff00 -radix hex
## add_wave /apatb_matrixmul_top/AESL_inst_matrixmul/s_axi_AXILiteS_ARREADY -into $A__B__AB__return_group -color #ffff00 -radix hex
## add_wave /apatb_matrixmul_top/AESL_inst_matrixmul/s_axi_AXILiteS_ARVALID -into $A__B__AB__return_group -color #ffff00 -radix hex
## add_wave /apatb_matrixmul_top/AESL_inst_matrixmul/s_axi_AXILiteS_ARADDR -into $A__B__AB__return_group -radix hex
## add_wave /apatb_matrixmul_top/AESL_inst_matrixmul/s_axi_AXILiteS_WSTRB -into $A__B__AB__return_group -radix hex
## add_wave /apatb_matrixmul_top/AESL_inst_matrixmul/s_axi_AXILiteS_WDATA -into $A__B__AB__return_group -radix hex
## add_wave /apatb_matrixmul_top/AESL_inst_matrixmul/s_axi_AXILiteS_WREADY -into $A__B__AB__return_group -color #ffff00 -radix hex
## add_wave /apatb_matrixmul_top/AESL_inst_matrixmul/s_axi_AXILiteS_WVALID -into $A__B__AB__return_group -color #ffff00 -radix hex
## add_wave /apatb_matrixmul_top/AESL_inst_matrixmul/s_axi_AXILiteS_AWREADY -into $A__B__AB__return_group -color #ffff00 -radix hex
## add_wave /apatb_matrixmul_top/AESL_inst_matrixmul/s_axi_AXILiteS_AWVALID -into $A__B__AB__return_group -color #ffff00 -radix hex
## add_wave /apatb_matrixmul_top/AESL_inst_matrixmul/s_axi_AXILiteS_AWADDR -into $A__B__AB__return_group -radix hex
## set blocksiggroup [add_wave_group "Block-level IO Handshake(internal)" -into $designtopgroup]
## add_wave /apatb_matrixmul_top/AESL_inst_matrixmul/ap_done -into $blocksiggroup
## add_wave /apatb_matrixmul_top/AESL_inst_matrixmul/ap_idle -into $blocksiggroup
## add_wave /apatb_matrixmul_top/AESL_inst_matrixmul/ap_ready -into $blocksiggroup
## add_wave /apatb_matrixmul_top/AESL_inst_matrixmul/ap_start -into $blocksiggroup
## set resetgroup [add_wave_group "Reset" -into $designtopgroup]
## add_wave /apatb_matrixmul_top/AESL_inst_matrixmul/ap_rst_n -into $resetgroup
## set clockgroup [add_wave_group "Clock" -into $designtopgroup]
## add_wave /apatb_matrixmul_top/AESL_inst_matrixmul/ap_clk -into $clockgroup
## set testbenchgroup [add_wave_group "Test Bench Signals"]
## set tbinternalsiggroup [add_wave_group "Internal Signals" -into $testbenchgroup]
## set tb_simstatus_group [add_wave_group "Simulation Status" -into $tbinternalsiggroup]
## set tb_portdepth_group [add_wave_group "Port Depth" -into $tbinternalsiggroup]
## add_wave /apatb_matrixmul_top/AUTOTB_TRANSACTION_NUM -into $tb_simstatus_group -radix hex
## add_wave /apatb_matrixmul_top/ready_cnt -into $tb_simstatus_group -radix hex
## add_wave /apatb_matrixmul_top/done_cnt -into $tb_simstatus_group -radix hex
## add_wave /apatb_matrixmul_top/LENGTH_A -into $tb_portdepth_group -radix hex
## add_wave /apatb_matrixmul_top/LENGTH_B -into $tb_portdepth_group -radix hex
## add_wave /apatb_matrixmul_top/LENGTH_AB -into $tb_portdepth_group -radix hex
## set tbcinoutgroup [add_wave_group "C InOuts" -into $testbenchgroup]
## set tb_A__B__AB__return_group [add_wave_group A__B__AB__return(axi_slave) -into $tbcinoutgroup]
## add_wave /apatb_matrixmul_top/AXILiteS_INTERRUPT -into $tb_A__B__AB__return_group -color #ffff00 -radix hex
## add_wave /apatb_matrixmul_top/AXILiteS_BRESP -into $tb_A__B__AB__return_group -radix hex
## add_wave /apatb_matrixmul_top/AXILiteS_BREADY -into $tb_A__B__AB__return_group -color #ffff00 -radix hex
## add_wave /apatb_matrixmul_top/AXILiteS_BVALID -into $tb_A__B__AB__return_group -color #ffff00 -radix hex
## add_wave /apatb_matrixmul_top/AXILiteS_RRESP -into $tb_A__B__AB__return_group -radix hex
## add_wave /apatb_matrixmul_top/AXILiteS_RDATA -into $tb_A__B__AB__return_group -radix hex
## add_wave /apatb_matrixmul_top/AXILiteS_RREADY -into $tb_A__B__AB__return_group -color #ffff00 -radix hex
## add_wave /apatb_matrixmul_top/AXILiteS_RVALID -into $tb_A__B__AB__return_group -color #ffff00 -radix hex
## add_wave /apatb_matrixmul_top/AXILiteS_ARREADY -into $tb_A__B__AB__return_group -color #ffff00 -radix hex
## add_wave /apatb_matrixmul_top/AXILiteS_ARVALID -into $tb_A__B__AB__return_group -color #ffff00 -radix hex
## add_wave /apatb_matrixmul_top/AXILiteS_ARADDR -into $tb_A__B__AB__return_group -radix hex
## add_wave /apatb_matrixmul_top/AXILiteS_WSTRB -into $tb_A__B__AB__return_group -radix hex
## add_wave /apatb_matrixmul_top/AXILiteS_WDATA -into $tb_A__B__AB__return_group -radix hex
## add_wave /apatb_matrixmul_top/AXILiteS_WREADY -into $tb_A__B__AB__return_group -color #ffff00 -radix hex
## add_wave /apatb_matrixmul_top/AXILiteS_WVALID -into $tb_A__B__AB__return_group -color #ffff00 -radix hex
## add_wave /apatb_matrixmul_top/AXILiteS_AWREADY -into $tb_A__B__AB__return_group -color #ffff00 -radix hex
## add_wave /apatb_matrixmul_top/AXILiteS_AWVALID -into $tb_A__B__AB__return_group -color #ffff00 -radix hex
## add_wave /apatb_matrixmul_top/AXILiteS_AWADDR -into $tb_A__B__AB__return_group -radix hex
## save_wave_config matrixmul.wcfg
## run all
////////////////////////////////////////////////////////////////////////////////////
// Inter-Transaction Progress: Completed Transaction / Total Transaction
// Intra-Transaction Progress: Measured Latency / Latency Estimation * 100%
//
// RTL Simulation : "Inter-Transaction Progress" ["Intra-Transaction Progress"] @ "Simulation Time"
////////////////////////////////////////////////////////////////////////////////////
// RTL Simulation : 0 / 1 [0.00%] @ "113000"
// RTL Simulation : 1 / 1 [100.00%] @ "124883000"
////////////////////////////////////////////////////////////////////////////////////
$finish called at time : 124902500 ps : File "C:/Users/admin/msoc/pp4fpgas-master/examples/matrixmultiplication.proj/improve/sim/verilog/matrixmul.autotb.v" Line 282
## quit
INFO: [Common 17-206] Exiting xsim at Wed Dec 23 13:48:27 2020...
INPUTS
Output:
   0	 10416 10912 11408 11904 12400 12896 13392 13888 14384 14880 15376 15872 16368 16864 17360 17856 18352 18848 19344 19840 20336 20832 21328 21824 22320 22816 23312 23808 24304 24800 25296 25792 
   1	 10912 11440 11968 12496 13024 13552 14080 14608 15136 15664 16192 16720 17248 17776 18304 18832 19360 19888 20416 20944 21472 22000 22528 23056 23584 24112 24640 25168 25696 26224 26752 27280 
   2	 11408 11968 12528 13088 13648 14208 14768 15328 15888 16448 17008 17568 18128 18688 19248 19808 20368 20928 21488 22048 22608 23168 23728 24288 24848 25408 25968 26528 27088 27648 28208 28768 
   3	 11904 12496 13088 13680 14272 14864 15456 16048 16640 17232 17824 18416 19008 19600 20192 20784 21376 21968 22560 23152 23744 24336 24928 25520 26112 26704 27296 27888 28480 29072 29664 30256 
   4	 12400 13024 13648 14272 14896 15520 16144 16768 17392 18016 18640 19264 19888 20512 21136 21760 22384 23008 23632 24256 24880 25504 26128 26752 27376 28000 28624 29248 29872 30496 31120 31744 
   5	 12896 13552 14208 14864 15520 16176 16832 17488 18144 18800 19456 20112 20768 21424 22080 22736 23392 24048 24704 25360 26016 26672 27328 27984 28640 29296 29952 30608 31264 31920 32576 33232 
   6	 13392 14080 14768 15456 16144 16832 17520 18208 18896 19584 20272 20960 21648 22336 23024 23712 24400 25088 25776 26464 27152 27840 28528 29216 29904 30592 31280 31968 32656 33344 34032 34720 
   7	 13888 14608 15328 16048 16768 17488 18208 18928 19648 20368 21088 21808 22528 23248 23968 24688 25408 26128 26848 27568 28288 29008 29728 30448 31168 31888 32608 33328 34048 34768 35488 36208 
   8	 14384 15136 15888 16640 17392 18144 18896 19648 20400 21152 21904 22656 23408 24160 24912 25664 26416 27168 27920 28672 29424 30176 30928 31680 32432 33184 33936 34688 35440 36192 36944 37696 
   9	 14880 15664 16448 17232 18016 18800 19584 20368 21152 21936 22720 23504 24288 25072 25856 26640 27424 28208 28992 29776 30560 31344 32128 32912 33696 34480 35264 36048 36832 37616 38400 39184 
  10	 15376 16192 17008 17824 18640 19456 20272 21088 21904 22720 23536 24352 25168 25984 26800 27616 28432 29248 30064 30880 31696 32512 33328 34144 34960 35776 36592 37408 38224 39040 39856 40672 
  11	 15872 16720 17568 18416 19264 20112 20960 21808 22656 23504 24352 25200 26048 26896 27744 28592 29440 30288 31136 31984 32832 33680 34528 35376 36224 37072 37920 38768 39616 40464 41312 42160 
  12	 16368 17248 18128 19008 19888 20768 21648 22528 23408 24288 25168 26048 26928 27808 28688 29568 30448 31328 32208 33088 33968 34848 35728 36608 37488 38368 39248 40128 41008 41888 42768 43648 
  13	 16864 17776 18688 19600 20512 21424 22336 23248 24160 25072 25984 26896 27808 28720 29632 30544 31456 32368 33280 34192 35104 36016 36928 37840 38752 39664 40576 41488 42400 43312 44224 45136 
  14	 17360 18304 19248 20192 21136 22080 23024 23968 24912 25856 26800 27744 28688 29632 30576 31520 32464 33408 34352 35296 36240 37184 38128 39072 40016 40960 41904 42848 43792 44736 45680 46624 
  15	 17856 18832 19808 20784 21760 22736 23712 24688 25664 26640 27616 28592 29568 30544 31520 32496 33472 34448 35424 36400 37376 38352 39328 40304 41280 42256 43232 44208 45184 46160 47136 48112 
  16	 18352 19360 20368 21376 22384 23392 24400 25408 26416 27424 28432 29440 30448 31456 32464 33472 34480 35488 36496 37504 38512 39520 40528 41536 42544 43552 44560 45568 46576 47584 48592 49600 
  17	 18848 19888 20928 21968 23008 24048 25088 26128 27168 28208 29248 30288 31328 32368 33408 34448 35488 36528 37568 38608 39648 40688 41728 42768 43808 44848 45888 46928 47968 49008 50048 51088 
  18	 19344 20416 21488 22560 23632 24704 25776 26848 27920 28992 30064 31136 32208 33280 34352 35424 36496 37568 38640 39712 40784 41856 42928 44000 45072 46144 47216 48288 49360 50432 51504 52576 
  19	 19840 20944 22048 23152 24256 25360 26464 27568 28672 29776 30880 31984 33088 34192 35296 36400 37504 38608 39712 40816 41920 43024 44128 45232 46336 47440 48544 49648 50752 51856 52960 54064 
  20	 20336 21472 22608 23744 24880 26016 27152 28288 29424 30560 31696 32832 33968 35104 36240 37376 38512 39648 40784 41920 43056 44192 45328 46464 47600 48736 49872 51008 52144 53280 54416 55552 
  21	 20832 22000 23168 24336 25504 26672 27840 29008 30176 31344 32512 33680 34848 36016 37184 38352 39520 40688 41856 43024 44192 45360 46528 47696 48864 50032 51200 52368 53536 54704 55872 57040 
  22	 21328 22528 23728 24928 26128 27328 28528 29728 30928 32128 33328 34528 35728 36928 38128 39328 40528 41728 42928 44128 45328 46528 47728 48928 50128 51328 52528 53728 54928 56128 57328 58528 
  23	 21824 23056 24288 25520 26752 27984 29216 30448 31680 32912 34144 35376 36608 37840 39072 40304 41536 42768 44000 45232 46464 47696 48928 50160 51392 52624 53856 55088 56320 57552 58784 60016 
  24	 22320 23584 24848 26112 27376 28640 29904 31168 32432 33696 34960 36224 37488 38752 40016 41280 42544 43808 45072 46336 47600 48864 50128 51392 52656 53920 55184 56448 57712 58976 60240 61504 
  25	 22816 24112 25408 26704 28000 29296 30592 31888 33184 34480 35776 37072 38368 39664 40960 42256 43552 44848 46144 47440 48736 50032 51328 52624 53920 55216 56512 57808 59104 60400 61696 62992 
  26	 23312 24640 25968 27296 28624 29952 31280 32608 33936 35264 36592 37920 39248 40576 41904 43232 44560 45888 47216 48544 49872 51200 52528 53856 55184 56512 57840 59168 60496 61824 63152 64480 
  27	 23808 25168 26528 27888 29248 30608 31968 33328 34688 36048 37408 38768 40128 41488 42848 44208 45568 46928 48288 49648 51008 52368 53728 55088 56448 57808 59168 60528 61888 63248 64608 65968 
  28	 24304 25696 27088 28480 29872 31264 32656 34048 35440 36832 38224 39616 41008 42400 43792 45184 46576 47968 49360 50752 52144 53536 54928 56320 57712 59104 60496 61888 63280 64672 66064 67456 
  29	 24800 26224 27648 29072 30496 31920 33344 34768 36192 37616 39040 40464 41888 43312 44736 46160 47584 49008 50432 51856 53280 54704 56128 57552 58976 60400 61824 63248 64672 66096 67520 68944 
  30	 25296 26752 28208 29664 31120 32576 34032 35488 36944 38400 39856 41312 42768 44224 45680 47136 48592 50048 51504 52960 54416 55872 57328 58784 60240 61696 63152 64608 66064 67520 68976 70432 
  31	 25792 27280 28768 30256 31744 33232 34720 36208 37696 39184 40672 42160 43648 45136 46624 48112 49600 51088 52576 54064 55552 57040 58528 60016 61504 62992 64480 65968 67456 68944 70432 71920 
Comparing against output data 
*******************************************
FAIL: Output DOES NOT match the golden output
*******************************************
